[4.8795, 22.9766, 8.2737, 0.4985, 21.6965, 5.9994, 0.0, 0.0, 0.0, 64.3242]
BOND_DIFF: 0.08430
ANGL_DIFF: -0.00797
TORS_DIFF: -0.00323
IMPR_DIFF: -0.05981
SCLAED_ELEC_DIFF: 1.37901
VDWL_DIFF: -0.02116
TOTL_DIFF: 1.37115
