[0.4485, 7.3668, 0.6294, 0.1506, -135.7756, 8.384, 0.0, 0.0, 0.0, -118.7963]
BOND_DIFF: 0.00978
ANGL_DIFF: 0.01599
TORS_DIFF: 0.00014
IMPR_DIFF: -0.02479
SCLAED_ELEC_DIFF: -0.74655
VDWL_DIFF: 0.00761
TOTL_DIFF: -0.73786
