[2.002, 14.7166, 5.2805, 0.7761, -65.1144, 7.5117, 0.0, 0.0, 0.0, -34.8275]
BOND_DIFF: 0.01321
ANGL_DIFF: -0.01579
TORS_DIFF: 0.01100
IMPR_DIFF: -0.15257
SCLAED_ELEC_DIFF: 2.37439
VDWL_DIFF: -0.00060
TOTL_DIFF: 2.22962
