[1.5151, 12.3034, 12.7424, 0.7985, -113.3272, 8.4575, 0.0, 0.0, 0.0, -77.5102]
BOND_DIFF: 0.00561
ANGL_DIFF: 0.01000
TORS_DIFF: 0.00372
IMPR_DIFF: -0.10126
SCLAED_ELEC_DIFF: -0.66792
VDWL_DIFF: 0.00915
TOTL_DIFF: -0.74084
