[0.5369, 6.8378, 3.3473, 0.18, -119.4651, 6.9314, 0.0, 0.0, 0.0, -101.6316]
BOND_DIFF: 0.00693
ANGL_DIFF: 0.00110
TORS_DIFF: 0.00168
IMPR_DIFF: -0.03421
SCLAED_ELEC_DIFF: -0.50020
VDWL_DIFF: 0.00837
TOTL_DIFF: -0.51647
