[2.0527, 12.7762, 9.0793, 0.6854, -116.256, 6.6452, 0.0, 0.0, 0.0, -85.0171]
BOND_DIFF: 0.00596
ANGL_DIFF: 0.02560
TORS_DIFF: -0.00049
IMPR_DIFF: 0.09407
SCLAED_ELEC_DIFF: 1.57773
VDWL_DIFF: -0.00126
TOTL_DIFF: 1.70149
