[1.9534, 11.4264, 17.0312, 0.8314, -112.9812, 10.1481, 0.0, 0.0, 0.0, -71.5908]
BOND_DIFF: -0.03197
ANGL_DIFF: 0.04611
TORS_DIFF: 0.01671
IMPR_DIFF: -0.12168
SCLAED_ELEC_DIFF: -0.68311
VDWL_DIFF: -0.00596
TOTL_DIFF: -0.77986
