[1.1837, 9.6927, 4.0638, 0.4742, -144.8938, 9.8821, 0.0, 0.0, 0.0, -119.5973]
BOND_DIFF: 0.01223
ANGL_DIFF: 0.02240
TORS_DIFF: -0.00439
IMPR_DIFF: -0.03374
SCLAED_ELEC_DIFF: -0.78356
VDWL_DIFF: -0.00411
TOTL_DIFF: -0.79122
