[1.5794, 19.1698, 8.8993, 0.1774, -144.9363, 3.9595, 0.0, 0.0, 0.0, -111.1509]
BOND_DIFF: 0.00862
ANGL_DIFF: 0.02842
TORS_DIFF: 0.00122
IMPR_DIFF: 0.00998
SCLAED_ELEC_DIFF: -0.83401
VDWL_DIFF: -0.01652
TOTL_DIFF: -0.80234
