[0.8949, 7.882, 11.6131, 0.1221, -126.893, 10.3566, 0.0, 0.0, 0.0, -96.0244]
BOND_DIFF: -0.01332
ANGL_DIFF: 0.01202
TORS_DIFF: -0.00768
IMPR_DIFF: 0.02237
SCLAED_ELEC_DIFF: -0.51429
VDWL_DIFF: -0.01456
TOTL_DIFF: -0.51539
