[1.7917, 9.9139, 3.0408, 0.7935, -10.3202, 6.2658, 0.0, 0.0, 0.0, 11.4854]
BOND_DIFF: 0.02098
ANGL_DIFF: -0.01022
TORS_DIFF: 0.01316
IMPR_DIFF: -0.15432
SCLAED_ELEC_DIFF: 2.06507
VDWL_DIFF: 0.00091
TOTL_DIFF: 1.93567
