[1.8672, 9.4572, 17.0175, 0.2804, -129.9848, 19.3482, 0.0, 0.0, 0.0, -82.0143]
BOND_DIFF: 0.02178
ANGL_DIFF: 0.00565
TORS_DIFF: 0.00748
IMPR_DIFF: -0.02976
SCLAED_ELEC_DIFF: -0.69977
VDWL_DIFF: -0.00534
TOTL_DIFF: -0.70001
