[0.8749, 8.2647, 3.613, 0.302, -109.8882, 6.7148, 0.0, 0.0, 0.0, -90.1188]
BOND_DIFF: 0.01908
ANGL_DIFF: 0.01724
TORS_DIFF: 0.00440
IMPR_DIFF: -0.01077
SCLAED_ELEC_DIFF: -0.80186
VDWL_DIFF: 0.00664
TOTL_DIFF: -0.76532
