[1.6351, 12.1621, 24.8442, 3.9679, -79.7567, 5.932, 0.0, 0.0, 0.0, -31.2154]
BOND_DIFF: -0.00186
ANGL_DIFF: 0.01468
TORS_DIFF: 0.00103
IMPR_DIFF: 0.78587
SCLAED_ELEC_DIFF: 0.91242
VDWL_DIFF: 0.01070
TOTL_DIFF: 1.72282
