[1.07, 11.4136, 12.1287, 0.7713, -123.7172, 6.8349, 0.0, 0.0, 0.0, -91.4987]
BOND_DIFF: -0.03020
ANGL_DIFF: 0.00984
TORS_DIFF: 0.00474
IMPR_DIFF: -0.12273
SCLAED_ELEC_DIFF: -0.62872
VDWL_DIFF: -0.00910
TOTL_DIFF: -0.77622
