[0.8855, 9.4618, 4.7791, 0.6314, -249.2559, 9.2866, 0.0, 0.0, 0.0, -224.2115]
BOND_DIFF: -0.00268
ANGL_DIFF: 0.00301
TORS_DIFF: -0.00595
IMPR_DIFF: -0.00565
SCLAED_ELEC_DIFF: -0.71007
VDWL_DIFF: 0.01825
TOTL_DIFF: -0.70318
