[0.7958, 9.3512, 7.5612, 0.7271, -123.8207, 5.9542, 0.0, 0.0, 0.0, -99.4312]
BOND_DIFF: 0.02584
ANGL_DIFF: -0.00613
TORS_DIFF: 0.01191
IMPR_DIFF: -0.04275
SCLAED_ELEC_DIFF: -0.80619
VDWL_DIFF: 0.01041
TOTL_DIFF: -0.80697
