[1.0328, 14.9922, 9.6825, 0.3328, -155.3821, 4.1007, 0.0, 0.0, 0.0, -125.241]
BOND_DIFF: 0.00954
ANGL_DIFF: 0.01611
TORS_DIFF: 0.00125
IMPR_DIFF: -0.04927
SCLAED_ELEC_DIFF: -0.57531
VDWL_DIFF: 0.00271
TOTL_DIFF: -0.59513
