[1.3357, 11.9074, 10.8565, 0.4075, -217.8558, 8.675, 0.0, 0.0, 0.0, -184.6737]
BOND_DIFF: -0.03312
ANGL_DIFF: 0.00527
TORS_DIFF: 0.00728
IMPR_DIFF: -0.04260
SCLAED_ELEC_DIFF: -1.00896
VDWL_DIFF: 0.02398
TOTL_DIFF: -1.04823
