[1.1013, 9.6076, 18.1957, 0.4626, -132.5994, 9.1064, 0.0, 0.0, 0.0, -94.1258]
BOND_DIFF: 0.01160
ANGL_DIFF: -0.00076
TORS_DIFF: 0.01302
IMPR_DIFF: -0.09559
SCLAED_ELEC_DIFF: -0.51803
VDWL_DIFF: -0.00685
TOTL_DIFF: -0.59665
