[1.32, 7.3703, 13.2814, 0.4484, -156.1694, 15.1971, 0.0, 0.0, 0.0, -118.5523]
BOND_DIFF: 0.01736
ANGL_DIFF: -0.00345
TORS_DIFF: 0.00770
IMPR_DIFF: -0.06722
SCLAED_ELEC_DIFF: -0.68622
VDWL_DIFF: 0.00336
TOTL_DIFF: -0.72841
